365 0
17 1
157 2
209 3
105 4
369 5
11 6
81 7
236 8
325 9
306 10
36 11
10 12
148 13
87 14
159 15
107 16
249 17
326 18
12 19
96 20
286 21
125 22
83 23
175 24
238 25
129 26
208 27
264 28
212 29
75 30
153 31
373 32
57 33
258 34
202 35
115 36
371 37
311 38
88 39
28 40
31 41
63 42
67 43
113 44
287 45
230 46
138 47
18 48
111 49
169 50
170 51
245 52
261 53
84 54
346 55
275 56
167 57
130 58
349 59
336 60
161 61
19 62
303 63
46 64
298 65
293 66
350 67
20 68
141 69
76 70
77 71
232 72
149 73
79 74
139 75
53 76
126 77
21 78
85 79
163 80
47 81
362 82
95 83
48 84
333 85
300 86
337 87
37 88
134 89
51 90
22 91
131 92
207 93
308 94
142 95
196 96
296 97
247 98
366 99
313 100
294 101
197 102
292 103
206 104
361 105
200 106
178 107
379 108
219 109
360 110
184 111
5 112
265 113
41 114
257 115
259 116
0 117
135 118
268 119
72 120
89 121
1 122
347 123
6 124
228 125
297 126
106 127
174 128
218 129
23 130
217 131
199 132
90 133
189 134
338 135
180 136
13 137
147 138
246 139
78 140
182 141
198 142
108 143
250 144
29 145
99 146
295 147
109 148
233 149
220 150
93 151
100 152
343 153
194 154
240 155
205 156
229 157
118 158
80 159
168 160
97 161
62 162
381 163
291 164
60 165
185 166
127 167
279 168
136 169
320 170
38 171
123 172
39 173
256 174
68 175
273 176
24 177
25 178
154 179
119 180
124 181
191 182
235 183
120 184
110 185
214 186
242 187
254 188
234 189
145 190
30 191
334 192
332 193
210 194
176 195
188 196
49 197
227 198
150 199
267 200
64 201
40 202
317 203
251 204
276 205
341 206
239 207
364 208
345 209
358 210
2 211
101 212
339 213
376 214
353 215
305 216
226 217
50 218
54 219
307 220
321 221
357 222
263 223
319 224
86 225
277 226
69 227
61 228
348 229
335 230
216 231
211 232
252 233
172 234
98 235
173 236
162 237
340 238
378 239
352 240
290 241
143 242
32 243
215 244
310 245
262 246
375 247
128 248
91 249
224 250
146 251
342 252
271 253
70 254
82 255
344 256
283 257
253 258
190 259
324 260
351 261
183 262
243 263
3 264
7 265
187 266
155 267
355 268
223 269
322 270
281 271
14 272
58 273
302 274
71 275
237 276
160 277
374 278
164 279
55 280
137 281
248 282
26 283
377 284
368 285
380 286
382 287
213 288
314 289
74 290
356 291
299 292
33 293
4 294
114 295
42 296
284 297
221 298
269 299
285 300
112 301
181 302
225 303
122 304
288 305
8 306
171 307
156 308
323 309
231 310
52 311
144 312
116 313
34 314
203 315
244 316
133 317
132 318
359 319
222 320
102 321
186 322
195 323
15 324
318 325
158 326
65 327
192 328
241 329
140 330
331 331
274 332
367 333
282 334
289 335
43 336
103 337
179 338
272 339
94 340
193 341
201 342
312 343
329 344
152 345
59 346
165 347
315 348
45 349
121 350
328 351
166 352
92 353
104 354
301 355
66 356
151 357
44 358
16 359
363 360
27 361
9 362
280 363
278 364
35 365
309 366
117 367
73 368
266 369
56 370
270 371
177 372
354 373
255 374
372 375
370 376
327 377
330 378
204 379
260 380
304 381
316 382
